scores: [0.8890746963516387, 0.8257634905772662, 0.8707203693866887, 0.8706554319723956, 0.779812768053244, 0.9650301721601471, 0.8110061205206701, 0.8459451271033037, 0.8716148652714637, 0.9124534003347226, 0.8102625901466922, 0.9347139435176279, 0.826546668488078, 0.8839035899167991, 0.853993379819198, 0.8203903537523495, 0.9674757321951054, 0.8643714841258726, 0.8678223852240808, 0.986737783917496]
evaluation_score: 0.873
cost: 0.41026
